3,1
3,3
304,4
304,3
304,2
10,153
304,1
10,137
304,0
298,3
10,189
298,2
10,243
298,1
10,197
298,0
10,71
296,3
10,96
296,2
10,2
296,1
10,3
296,0
295,3
295,2
295,1
295,0
287,3
287,2
11,26
287,1
11,27
287,0
11,9
278,4
11,8
278,3
11,20
278,1
11,28
275,3
275,1
274,3
274,1
9,7
237,4
9,6
237,3
9,4
237,2
9,2
237,1
9,3
237,0
231,3
231,2
231,1
231,0
208,4
208,3
8,6
208,2
8,14
208,1
8,5
208,0
186,3
8,4
186,2
8,2
186,1
8,3
186,0
183,5
183,4
183,3
183,1
182,4
182,1
181,3
181,2
181,1
181,0
180,4
180,3
180,2
180,1
180,0
179,3
179,2
179,1
179,0
178,3
178,2
178,1
178,0
177,3
177,1
176,3
176,1
175,4
175,1
172,3
172,1
171,4
171,1
170,4
170,1
169,4
169,1
168,4
168,1
167,4
167,1
166,4
166,1
165,4
165,1
20,3
20,2
20,1
19,3
19,2
19,1
